10005
10039
10078
10118
10156
10196
10235
10275
10304
10338
10369
10409
10441
10473
10502
10534
10560
10600
10631
10671
10701
10729
10768
10802
10831
10871
10898
10932
10962
11002
11041
11081
11111
11143
11170
11202
11240
11274
11305
11339
11368
11402
11441
11475
11513
11541
11572
11606
11635
11675
11714
11748
11772
11798
11831
11871
11894
11934
11965
12005
12043
12083
12110
12150
12186
12220
12247
12287
12311
12339
12378
12410
12447
12473
12504
12544
12574
12606
12639
12671
12705
12737
12770
12804
12842
12882
12915
12943
12974
13014
13045
13077
13107
13141
13180
13214
13242
13282
13315
13349
13371
13399
13438
13472
13509
13549
13582
13622
13660
13684
13717
13757
13786
13818
13849
13883
13921
13949
13988
14020
14057
14097
14136
14170
14200
14234
14273
14307
14343
14375
14402
14434
14472
14512
14551
14583
14620
14660
14687
14721
14753
14793
14824
14858
14891
14923
14962
14994
15026
15066
15099
15133
15170
15204
15243
15277
15307
15339
15372
15406
15442
15476
15507
15541
15571
15611
15650
15682
15719
15745
15784
15818
15850
15890
15923
15955
15984
16024
16055
16089
16119
16159
16192
16224
16255
16289
16328
16362
16400
16434
16459
16499
16535
16569
16608
16648
16678
16710
16749
16789
16812
16852
16883
16923
16955
16989
17028
17062
17096
17136
17167
17201
17239
17279
17312
17344
17373
17413
17444
17484
17522
17562
17595
17635
17663
17703
17734
17766
17796
17830
17845
17885
17916
17956
17995
18029
18067
18101
18134
18174
18201
18233
18272
18306
18336
18368
18399
18433
18470
18510
18541
18575
18605
18639
18670
18710
18738
18772
18811
18843
18875
18915
18954
18988
19017
19057
19096
19136
19166
19200
19233
19265
19296
19336
19375
19409
19447
19481
19508
19530
19567
19607
19634
19664
19702
19736
19775
19809
19845
19875
19908
19948
19986
20026
20059
20099
20126
20166
20195
20235
20273
20313
20346
20386
20415
20455
20494
20534
20572
20606
20645
20671
20708
20742
20781
20815
20853
20893
20926
20960
20996
21036
21065
21105
21143
21183
21216
21256
21283
21323
21356
21396
21428
21462
21501
21535
21559
21593
21622
21662
21700
21734
21773
21807
21844
21884
21917
21957
21985
22025
22058
22098
22134
22174
22207
22247
22279
22319
22358
22392
22429
22463
22490
22520
22558
22592
22625
22665
22700
22734
22767
22801
22833
22863
22902
22942
22979
23019
23058
23092
23130
23158
23191
23231
23267
23297
23330
23370
23408
23442
23481
23515
23552
23592
23631
23671
23709
23739
23778
23818
23841
23881
23914
23954
23992
24026
24065
24105
24142
24182
24215
24245
24277
24317
24356
24396
24432
24466
24505
24535
24573
24607
24646
24676
24713
24739
24768
24808
24846
24886
24919
24953
24988
25028
25067
25097
25115
25149
25188
25218
25241
25281
25306
25328
25356
25390
25423
25463
25489
25529
25568
25602
25640
25674
25703
25743
25774
25808
25847
25881
25913
25947
25980
26020
26048
26088
26117
26151
26183
26223
26252
26286
26323
26363
26396
26430
26468
26502
26535
26575
26601
26635
26674
26708
26740
26780
26813
26853
26884
26918
26951
26985
27017
27047
27086
27116
27145
27175
27214
27248
27280
27320
27359
27393
27430
27470
27509
27549
27581
27621
27660
27700
27736
27776
27815
27855
27887
27921
27954
27994
28031
28065
28104
28138
28176
28216
28249
28289
28321
28361
28400
28424
28448
28488
28527
28567
28604
28644
28683
28717
28755
28783
28822
28862
28898
28938
28977
29005
29043
29083
29116
29156
29187
29221
29260
29300
29326
29360
29387
29427
29456
29496
29535
29575
29607
29641
29680
29714
29745
29785
29824
29858
29896
29936
29957
29997
30033
30059
30098
30138
30170
30204
30243
30271
30302
30336
30375
30409
30441
30475
30514
30542
30570
30598
30631
30671
30703
30743
30782
30822
30859
30899
30932
30972
31004
31038
31077
31111
31147
31181
31214
31254
31280
31314
31353
31381
31412
31452
31491
31531
31563
31603
31642
31666
31701
31741
31780
31820
31858
31892
31931
31965
32002
32042
32081
32115
32147
32187
32226
32266
32302
32342
32375
32415
32441
32469
32502
32536
32573
32613
32652
32692
32730
32770
32803
32843
32870
32904
32943
32977
33009
33049
33088
33122
33153
33187
33226
33252
33290
33330
33369
33403
33439
33473
33506
33540
33578
33612
33651
33685
33722
33762
33801
33841
33863
33903
33928
33968
34003
34043
34076
34102
34140
34180
34219
34253
34290
34330
34363
34403
34419
34453
34492
34532
34568
34608
34647
34687
34719
34753
34792
34832
34869
34903
34942
34968
35000
35034
35073
35107
35141
35175
35214
35248
35286
35326
35349
35383
35420
35454
35493
35533
35571
35611
35650
35690
35720
35754
35787
35827
35865
35899
35938
35972
36003
36043
36082
36122
36154
36194
36227
36267
36296
36336
36369
36403
36435
36475
36508
36542
36579
36619
36658
36698
36730
36764
36803
36837
36873
36913
36946
36986
37018
37052
37085
37119
37156
37196
37235
37269
37307
37341
37380
37420
37450
37490
37529
37569
37597
37637
37668
37708
37737
37777
37804
37836
37874
37904
37943
37969
37997
38037
38076
38106
38144
38184
38223
38263
38300
38328
38359
38399
38429
38469
38500
38540
38567
38597
38636
38666
38696
38736
38765
38797
38834
38866
38905
38945
38983
39023
39062
39094
39116
39156
39185
39225
39253
39285
39314
39354
39383
39423
39454
39494
39532
39564
39603
39643
39677
39709
39748
39788
39826
39854
39877
39917
39954
39994
40033
40073
40111
40141
40180
40220
40240
40272
40311
40343
40381
40421
40460
40500
40537
40569
40608
40638
40676
40706
40745
40777
40804
40844
40883
40913
40951
40991
41022
41062
41099
41131
41170
41210
41248
41278
41317
41349
41385
41415
41444
41474
41512
41552
41581
41611
41640
41680
41711
41751
41789
41829
41868
41908
41941
41981
42010
42040
42070
42110
42139
42179
42216
42248
42287
42327
42365
42397
42426
42466
42494
42524
42563
42595
42633
42673
42712
42742
42779
42819
42842
42874
42902
42932
42971
43003
43038
43068
43099
43139
43169
43209
43248
43288
43307
43339
43368
43408
43446
43486
43525
43551
43587
43627
43666
43698
43726
43756
43795
43835
43872
43912
43951
43991
44021
44061
44100
44130
44156
44196
44235
44275
44313
44353
44382
44412
44449
44489
44528
44568
44606
44646
44677
44717
44753
44785
44816
44856
44894
44926
44965
45005
