3768600
806400
351700
316300
277600
277400
257100
253800
290500
230300
346000
237400
305700
254100
318400
282400
247400
229400
292700
315400
248300
218700
239200
227800
200500
182600
214900
206200
170700
221900
209000
192700
246200
280600
232900
192300
226000
174400
188900
236600
233900
282200
181300
210900
227800
202400
211300
331000
444200
247600
262400
291200
199600
283900
302600
336100
264700
218800
226100
195800
190500
226600
172100
226800
178100
183900
179100
207500
201300
220100
170300
162400
196500
157000
160100
269600
296100
207100
286300
188500
205800
264400
300400
310000
243100
261600
302000
240800
218400
206000
197600
218300
297300
227000
318900
286200
224800
243500
336400
228900
171300
200300
203500
178600
230000
242500
285300
262400
274400
252700
195200
172100
168200
168200
196000
226300
264000
223400
253400
212500
209700
224500
229000
221000
183100
218800
203200
1003900
232200
192500
162400
198600
255900
205800
268500
244900
174400
164000
192600
187000
159500
203500
197300
173900
149700
153500
158800
159400
194600
191800
194500
252700
225500
381700
344200
297100
273800
268300
351800
400100
501400
502400
586900
441400
405300
396900
411200
479000
368500
368100
282800
308400
214600
308300
291000
293500
281200
313100
276600
313300
290100
283400
357100
285800
296300
296300
291200
296200
285700
286000
263500
337000
299400
270900
290800
309200
384100
342700
318900
370000
228200
188600
240500
287100
385600
455800
291900
219800
215600
211800
242300
240100
250300
255500
217600
254900
306300
373600
346100
331700
330800
337700
325300
366800
378700
352800
341400
298600
368500
302000
275800
320300
268100
246700
270500
333000
424800
376400
298000
311300
265800
262700
300100
353200
461000
235900
226900
187300
272600
239500
303700
299600
291500
272400
287800
313800
278100
257100
281800
345400
297300
206800
235600
304400
228800
207800
225000
200000
196100
190000
212400
187500
158600
155500
187200
185500
192800
194300
192600
189000
160600
234200
185900
220700
280100
256100
264200
219800
163000
201400
205000
186700
218500
198700
183200
194300
192200
169400
190200
188200
189000
202100
196100
245600
173700
194300
163800
211100
186600
220600
199900
199900
205100
214400
276800
278000
245900
237800
231500
222000
211300
208300
208300
247000
246200
273600
383700
617200
466900
355300
327400
298900
283300
274200
280200
309500
334900
301100
348600
298700
257500
238500
288300
261300
278400
250900
289200
309300
247700
246400
194200
193300
212500
192300
159900
183600
198000
194900
221400
183300
197300
197300
259800
279700
353900
310100
355400
226800
173600
198400
214400
173000
166600
190200
186600
199000
198900
158000
178200
227000
314000
317900
253800
242000
213400
212800
205200
179800
223900
216800
208600
252300
193000
215000
157600
148700
141100
151400
195700
191500
178600
197200
211600
175500
181700
172600
177200
291100
195900
193300
187400
189000
229900
246400
188000
178500
180800
184000
183900
185500
171700
182800
181900
179900
208700
171800
173200
196000
188500
183900
179600
194200
187700
180100
176200
207300
249100
272500
191000
200400
207900
191600
176700
148700
151500
147000
178500
173000
148700
173400
168700
179100
184400
187900
212900
151200
135700
161800
173400
177000
138800
134100
131700
170100
141300
142000
143700
145300
180500
177400
157100
187600
179800
141900
136100
166000
177800
178100
150700
142400
168700
142700
168900
158000
170600
147000
133200
135900
162600
141700
169300
145100
134800
138000
170500
140500
157700
215200
179400
153300
145900
187500
150500
139800
170700
145600
152900
166100
151900
179200
149900
144800
184500
149500
145900
140600
172500
191700
156900
220500
163500
166000
142800
192300
282600
248100
192100
198900
208700
182300
186500
180200
186000
164700
177400
177300
155700
176100
220100
160000
171100
153200
187200
157900
152700
150300
175200
189700
189200
147300
140300
147400
144300
191400
190100
227500
274400
188900
156100
177500
183100
171400
148900
141300
137300
138600
143500
135500
133700
179000
146600
170800
179000
195000
151500
139300
168800
148400
135800
175600
172400
179100
174000
175700
167300
183000
176700
186900
189100
180600
175000
175000
151600
170400
139000
137100
142200
169200
144700
170200
151200
176300
158600
165300
147000
172000
168800
178500
206500
161100
190900
157000
189900
162000
147200
176600
184900
179800
175900
171100
159100
139500
167200
163000
148700
191300
186600
190300
246100
208000
188400
158000
140200
134200
168500
135900
166100
148300
175800
152000
168500
141600
168900
168400
141200
189000
206800
205600
172800
190000
199000
235500
161400
139900
136000
165000
166200
159500
136500
144400
139700
144300
218500
159300
159700
137100
136200
128900
169300
143400
209500
233500
260900
275100
243100
228900
234800
230500
223400
204700
218800
184900
323300
292100
274400
294200
302000
274600
264900
280400
233000
247800
208000
267400
244200
254800
242400
210000
201500
205400
264200
190300
284600
243500
199600
284100
215600
251300
187700
262400
209200
248600
225900
252100
228300
251400
237700
241600
239700
246800
365400
267200
239000
236900
242800
266500
248300
292900
255900
265800
246200
229900
231300
251700
213100
202700
253200
212300
220600
235300
254900
252300
252500
204700
256900
203600
312200
266200
265100
227000
192600
253200
198500
254600
199600
254500
202900
231700
316000
284300
210400
203100
212300
225800
249300
204900
222100
207600
232900
215500
191800
228500
199000
188900
182600
193100
194900
188700
194800
204000
184700
177000
176400
185400
190800
238300
209200
151700
176500
211100
193300
189300
181400
179800
176500
197000
160000
169400
152200
148400
158800
155500
182100
192300
193700
152000
182100
181600
191300
286000
284100
233100
206000
209000
199100
177900
151200
217800
313700
265700
201600
192600
181300
146500
133400
139100
169000
138800
138700
147300
154300
217900
191800
144900
173700
144900
160900
139500
140100
136600
175100
180700
181900
176800
148300
141600
135800
170400
179700
152600
138000
219500
326800
246000
250500
192600
189400
279600
241100
286500
255400
263200
254300
239700
226300
270500
206500
184600
273400
228700
206500
266700
234300
237500
213000
181200
285500
169000
224800
192600
195400
181200
254600
213800
199200
188200
247400
220700
242000
383500
264300
235100
198300
205600
228400
195800
199700
191200
229100
179700
195400
200400
186100
186300
188700
190300
174900
183600
188000
218000
184000
186100
185700
194300
188700
218500
183900
188300
193000
179800
216300
192100
178000
175100
184800
182000
176400
183200
186200
181200
183100
208500
189200
195500
194100
184400
213900
200700
184800
183000
179700
178600
220500
189600
180600
182600
184200
177100
152400
171000
185200
154900
296100
237100
218300
216700
193900
191100
150800
179900
248700
266000
214000
293000
303900
247500
207700
264500
220200
193100
184100
166200
147800
139900
142000
164600
134700
190200
307000
232500
226400
223900
247300
247600
244100
230000
262300
236900
236100
224500
206300
169500
183500
155600
177700
180200
193900
285100
243200
371600
